    0 B 0.00000000e+000 0.00000000e+000 0.00000000e+000
   25 B 1.00000000e+000 0.00000000e+000 4.03692000e+003
   89 B 1.50000000e+001 1.00000000e+000 8.02888000e+003
  153 B 8.00000000e+001 2.00000000e+000 2.22696000e+002
   49 B 4.00000000e+000 6.00000000e+000 2.59772000e+004
  113 B 3.00000000e+001 7.00000000e+000 1.54789200e+003
    9 B 5.00000000e-001 1.10000000e+001 3.43828000e+002
   73 B 1.00000000e+001 1.20000000e+001 1.56065400e+004
  137 B 6.00000000e+001 1.30000000e+001 3.52630000e+002
   33 B 2.00000000e+000 1.70000000e+001 1.59645800e+004
   97 B 2.00000000e+001 1.80000000e+001 4.26074000e+003
  161 B 9.00000000e+001 1.90000000e+001 1.70414500e+002
   57 B 5.00000000e+000 2.30000000e+001 2.68390000e+004
  121 B 4.00000000e+001 2.40000000e+001 6.88805000e+002
   17 B 7.50000000e-001 2.80000000e+001 5.63838000e+002
   81 B 1.25000000e+001 2.90000000e+001 9.36376000e+003
  145 B 7.00000000e+001 3.00000000e+001 3.00727500e+002
   41 B 3.00000000e+000 3.40000000e+001 2.46840000e+004
  105 B 2.50000000e+001 3.50000000e+001 1.99436200e+003
    1 B 2.50000000e-001 3.90000000e+001 0.00000000e+000
   65 B 7.50000000e+000 4.00000000e+001 2.06068000e+004
  129 B 5.00000000e+001 4.10000000e+001 4.69087500e+002
   26 B 1.00000000e+000 4.50000000e+001 3.04960000e+003
   90 B 1.50000000e+001 4.60000000e+001 6.23022000e+003
  154 B 8.00000000e+001 4.70000000e+001 2.25920300e+002
   50 B 4.00000000e+000 5.10000000e+001 2.88358000e+004
  114 B 3.00000000e+001 5.20000000e+001 1.31270000e+003
   10 B 5.00000000e-001 5.60000000e+001 0.00000000e+000
   74 B 1.00000000e+001 5.70000000e+001 1.16766600e+004
  138 B 6.00000000e+001 5.80000000e+001 2.75800000e+002
   34 B 2.00000000e+000 6.20000000e+001 1.73973400e+004
   98 B 2.00000000e+001 6.30000000e+001 3.14100000e+003
  162 B 9.00000000e+001 6.40000000e+001 2.19966300e+002
   58 B 5.00000000e+000 6.80000000e+001 2.75384000e+004
  122 B 4.00000000e+001 6.90000000e+001 6.18087500e+002
   18 B 7.50000000e-001 7.30000000e+001 6.10010000e+002
   82 B 1.25000000e+001 7.40000000e+001 7.97320000e+003
  146 B 7.00000000e+001 7.50000000e+001 2.47451000e+002
   42 B 3.00000000e+000 7.90000000e+001 2.68586000e+004
  106 B 2.50000000e+001 8.00000000e+001 2.05056000e+003
  167 B 1.00000000e+002 8.10000000e+001 1.39001300e+002
    2 B 2.50000000e-001 8.40000000e+001 0.00000000e+000
   66 B 7.50000000e+000 8.50000000e+001 1.84842000e+004
  130 B 5.00000000e+001 8.60000000e+001 5.98742500e+002
   27 B 1.00000000e+000 9.00000000e+001 1.58737000e+003
   91 B 1.50000000e+001 9.10000000e+001 5.78844000e+003
  155 B 8.00000000e+001 9.20000000e+001 3.36470000e+002
   51 B 4.00000000e+000 9.60000000e+001 2.78974000e+004
  115 B 3.00000000e+001 9.70000000e+001 1.69966500e+003
   11 B 5.00000000e-001 1.01000000e+002 2.30556000e+001
   75 B 1.00000000e+001 1.02000000e+002 1.13657600e+004
  139 B 6.00000000e+001 1.03000000e+002 6.62440000e+002
   35 B 2.00000000e+000 1.07000000e+002 1.78760400e+004
   99 B 2.00000000e+001 1.08000000e+002 3.88410000e+003
  163 B 9.00000000e+001 1.09000000e+002 2.44102800e+002
   59 B 5.00000000e+000 1.13000000e+002 2.81218000e+004
  123 B 4.00000000e+001 1.14000000e+002 1.10385500e+003
   19 B 7.50000000e-001 1.18000000e+002 1.26075800e+003
   83 B 1.25000000e+001 1.19000000e+002 7.70224000e+003
  147 B 7.00000000e+001 1.20000000e+002 3.87720000e+002
   43 B 3.00000000e+000 1.24000000e+002 2.75286000e+004
  107 B 2.50000000e+001 1.25000000e+002 2.56070000e+003
  168 B 1.00000000e+002 1.26000000e+002 2.85297500e+002
    3 B 2.50000000e-001 1.29000000e+002 2.20740000e+002
   67 B 7.50000000e+000 1.30000000e+002 2.08934000e+004
  131 B 5.00000000e+001 1.31000000e+002 8.27390000e+002
   28 B 1.00000000e+000 1.35000000e+002 4.74942000e+003
   92 B 1.50000000e+001 1.36000000e+002 5.91058000e+003
  156 B 8.00000000e+001 1.37000000e+002 3.98090000e+002
   52 B 4.00000000e+000 1.41000000e+002 3.10226000e+004
  116 B 3.00000000e+001 1.42000000e+002 2.13984500e+003
   12 B 5.00000000e-001 1.46000000e+002 9.81696000e+002
   76 B 1.00000000e+001 1.47000000e+002 1.39557400e+004
  140 B 6.00000000e+001 1.48000000e+002 7.90160000e+002
   36 B 2.00000000e+000 1.52000000e+002 1.90759000e+004
  100 B 2.00000000e+001 1.53000000e+002 4.47508000e+003
  164 B 9.00000000e+001 1.54000000e+002 4.09850000e+002
   60 B 5.00000000e+000 1.58000000e+002 3.01240000e+004
  124 B 4.00000000e+001 1.59000000e+002 1.97162500e+003
   20 B 7.50000000e-001 1.63000000e+002 2.53430000e+003
   84 B 1.25000000e+001 1.64000000e+002 9.55847900e+003
  148 B 7.00000000e+001 1.65000000e+002 7.30062500e+002
   44 B 3.00000000e+000 1.69000000e+002 2.60024000e+004
  108 B 2.50000000e+001 1.70000000e+002 3.52708000e+003
  169 B 1.00000000e+002 1.71000000e+002 3.94437500e+002
    4 B 2.50000000e-001 1.74000000e+002 5.62588000e+002
   68 B 7.50000000e+000 1.75000000e+002 2.69580000e+004
  132 B 5.00000000e+001 1.76000000e+002 1.65989000e+003
   29 B 1.00000000e+000 1.80000000e+002 4.58786000e+003
   93 B 1.50000000e+001 1.81000000e+002 6.54764000e+003
  157 B 8.00000000e+001 1.82000000e+002 8.93730000e+002
   53 B 4.00000000e+000 1.86000000e+002 2.97410000e+004
  117 B 3.00000000e+001 1.87000000e+002 2.78367500e+003
   13 B 5.00000000e-001 1.91000000e+002 1.32784600e+003
   77 B 1.00000000e+001 1.92000000e+002 1.72893200e+004
  141 B 6.00000000e+001 1.93000000e+002 1.05257500e+003
   37 B 2.00000000e+000 1.97000000e+002 2.03990000e+004
  101 B 2.00000000e+001 1.98000000e+002 4.21740000e+003
  165 B 9.00000000e+001 1.99000000e+002 5.39070000e+002
   61 B 5.00000000e+000 2.03000000e+002 3.04814000e+004
  125 B 4.00000000e+001 2.04000000e+002 1.87961800e+003
   21 B 7.50000000e-001 2.08000000e+002 3.38052000e+003
   85 B 1.25000000e+001 2.09000000e+002 9.15834000e+003
  149 B 7.00000000e+001 2.10000000e+002 6.87827500e+002
   45 B 3.00000000e+000 2.14000000e+002 2.74786000e+004
  109 B 2.50000000e+001 2.15000000e+002 2.13222000e+003
  170 B 1.00000000e+002 2.16000000e+002 3.12501500e+002
    5 B 2.50000000e-001 2.19000000e+002 6.50240000e+002
   69 B 7.50000000e+000 2.20000000e+002 2.27866000e+004
  133 B 5.00000000e+001 2.21000000e+002 7.10420000e+002
   30 B 1.00000000e+000 2.25000000e+002 6.57756000e+003
   94 B 1.50000000e+001 2.26000000e+002 5.25830000e+003
  158 B 8.00000000e+001 2.27000000e+002 4.38530000e+002
   54 B 4.00000000e+000 2.31000000e+002 2.98792000e+004
  118 B 3.00000000e+001 2.32000000e+002 1.35205500e+003
   14 B 5.00000000e-001 2.36000000e+002 1.49889600e+003
   78 B 1.00000000e+001 2.37000000e+002 1.20449600e+004
  142 B 6.00000000e+001 2.38000000e+002 4.12180000e+002
   38 B 2.00000000e+000 2.42000000e+002 2.15806000e+004
  102 B 2.00000000e+001 2.43000000e+002 2.30350000e+003
  166 B 9.00000000e+001 2.44000000e+002 1.97466000e+002
   62 B 5.00000000e+000 2.48000000e+002 2.69558000e+004
  126 B 4.00000000e+001 2.49000000e+002 6.71932500e+002
   22 B 7.50000000e-001 2.53000000e+002 3.23648000e+003
   86 B 1.25000000e+001 2.54000000e+002 6.44462000e+003
  150 B 7.00000000e+001 2.55000000e+002 3.24452500e+002
   46 B 3.00000000e+000 2.59000000e+002 2.71908000e+004
  110 B 2.50000000e+001 2.60000000e+002 1.43282800e+003
    6 B 2.50000000e-001 2.64000000e+002 5.01070000e+002
   70 B 7.50000000e+000 2.65000000e+002 1.80253600e+004
  134 B 5.00000000e+001 2.66000000e+002 4.10612500e+002
   31 B 1.00000000e+000 2.70000000e+002 6.56082000e+003
   95 B 1.50000000e+001 2.71000000e+002 4.18768000e+003
  159 B 8.00000000e+001 2.72000000e+002 2.21715000e+002
   55 B 4.00000000e+000 2.76000000e+002 2.81520000e+004
  119 B 3.00000000e+001 2.77000000e+002 9.71592500e+002
   15 B 5.00000000e-001 2.81000000e+002 1.30557400e+003
   79 B 1.00000000e+001 2.82000000e+002 9.92380000e+003
  143 B 6.00000000e+001 2.83000000e+002 2.75150000e+002
   39 B 2.00000000e+000 2.87000000e+002 2.17996000e+004
  103 B 2.00000000e+001 2.88000000e+002 2.20570000e+003
   63 B 5.00000000e+000 2.93000000e+002 2.61884000e+004
  127 B 4.00000000e+001 2.94000000e+002 5.84075000e+002
   23 B 7.50000000e-001 2.98000000e+002 3.71088000e+003
   87 B 1.25000000e+001 2.99000000e+002 7.06604000e+003
  151 B 7.00000000e+001 3.00000000e+002 2.08869000e+002
   47 B 3.00000000e+000 3.04000000e+002 2.67880000e+004
  111 B 2.50000000e+001 3.05000000e+002 1.64250200e+003
    7 B 2.50000000e-001 3.09000000e+002 3.62556000e+002
   71 B 7.50000000e+000 3.10000000e+002 1.85652800e+004
  135 B 5.00000000e+001 3.11000000e+002 4.14717500e+002
   32 B 1.00000000e+000 3.15000000e+002 6.33614000e+003
   96 B 1.50000000e+001 3.16000000e+002 5.70852000e+003
  160 B 8.00000000e+001 3.17000000e+002 2.42421000e+002
   56 B 4.00000000e+000 3.21000000e+002 2.81988000e+004
  120 B 3.00000000e+001 3.22000000e+002 1.24895300e+003
   16 B 5.00000000e-001 3.26000000e+002 1.34606600e+003
   80 B 1.00000000e+001 3.27000000e+002 1.27954600e+004
  144 B 6.00000000e+001 3.28000000e+002 3.20932500e+002
   40 B 2.00000000e+000 3.32000000e+002 1.84399400e+004
  104 B 2.00000000e+001 3.33000000e+002 3.61948000e+003
   64 B 5.00000000e+000 3.38000000e+002 2.68414000e+004
  128 B 4.00000000e+001 3.39000000e+002 7.83907500e+002
   24 B 7.50000000e-001 3.43000000e+002 2.76244000e+003
   88 B 1.25000000e+001 3.44000000e+002 1.03822400e+004
  152 B 7.00000000e+001 3.45000000e+002 2.55162500e+002
   48 B 3.00000000e+000 3.49000000e+002 2.33476000e+004
  112 B 2.50000000e+001 3.50000000e+002 2.41846000e+003
    8 B 2.50000000e-001 3.54000000e+002 2.21002000e+002
   72 B 7.50000000e+000 3.55000000e+002 2.26780000e+004
  136 B 5.00000000e+001 3.56000000e+002 5.15752500e+002